1400 27.5
1400.8 27.51
1401.6 27.52
1402.4 27.53
1403.2 27.54
1404 27.55
1404.8 27.56
1405.6 27.57
1406.4 27.58
1407.2 27.59
1408 27.6
1408.8 27.61
1409.6 27.62
1410.4 27.63
1411.2 27.64
1412 27.65
1412.8 27.66
1413.6 27.67
1414.4 27.68
1415.2 27.69
1416 27.7
1416.8 27.71
1417.6 27.72
1418.4 27.73
1419.2 27.74
1420 27.75
1420.8 27.76
1421.6 27.77
1422.4 27.78
1423.2 27.79
1424 27.8
1424.8 27.81
1425.6 27.82
1426.4 27.83
1427.2 27.84
1428 27.85
1428.8 27.86
1429.6 27.87
1430.4 27.88
1431.2 27.89
1432 27.9
1432.8 27.91
1433.6 27.92
1434.4 27.93
1435.2 27.94
1436 27.95
1436.8 27.96
1437.6 27.97
1438.4 27.98
1439.2 27.99
1440 28
1440.8 28.01
1441.6 28.02
1442.4 28.03
1443.2 28.04
1444 28.05
1444.8 28.06
1445.6 28.07
1446.4 28.08
1447.2 28.09
1448 28.1
1448.8 28.11
1449.6 28.12
1450.4 28.13
1451.2 28.14
1452 28.15
1452.8 28.16
1453.6 28.17
1454.4 28.18
1455.2 28.19
1456 28.2
1456.8 28.21
1457.6 28.22
1458.4 28.23
1459.2 28.24
1460 28.25
1460.8 28.26
1461.6 28.27
1462.4 28.28
1463.2 28.29
1464 28.3
1464.8 28.31
1465.6 28.32
1466.4 28.33
1467.2 28.34
1468 28.35
1468.8 28.36
1469.6 28.37
1470.4 28.38
1471.2 28.39
1472 28.4
1472.8 28.41
1473.6 28.42
1474.4 28.43
1475.2 28.44
1476 28.45
1476.8 28.46
1477.6 28.47
1478.4 28.48
1479.2 28.49
1480 28.5
1480.8 28.51
1481.6 28.52
1482.4 28.53
1483.2 28.54
1484 28.55
1484.8 28.56
1485.6 28.57
1486.4 28.58
1487.2 28.59
1488 28.6
1488.8 28.61
1489.6 28.62
1490.4 28.63
1491.2 28.64
1492 28.65
1492.8 28.66
1493.6 28.67
1494.4 28.68
1495.2 28.69
1496 28.7
1496.8 28.71
1497.6 28.72
1498.4 28.73
1499.2 28.74
1500 28.75
1500.8 28.76
1501.6 28.77
1502.4 28.78
1503.2 28.79
1504 28.8
1504.8 28.81
1505.6 28.82
1506.4 28.83
1507.2 28.84
1508 28.85
1508.8 28.86
1509.6 28.87
1510.4 28.88
1511.2 28.89
1512 28.9
1512.8 28.91
1513.6 28.92
1514.4 28.93
1515.2 28.94
1516 28.95
1516.8 28.96
1517.6 28.97
1518.4 28.98
1519.2 28.99
1520 29
1520.8 29.01
1521.6 29.02
1522.4 29.03
1523.2 29.04
1524 29.05
1524.8 29.06
1525.6 29.07
1526.4 29.08
1527.2 29.09
1528 29.1
1528.8 29.11
1529.6 29.12
1530.4 29.13
1531.2 29.14
1532 29.15
1532.8 29.16
1533.6 29.17
1534.4 29.18
1535.2 29.19
1536 29.2
1536.8 29.21
1537.6 29.22
1538.4 29.23
1539.2 29.24
1540 29.25
1540.8 29.26
1541.6 29.27
1542.4 29.28
1543.2 29.29
1544 29.3
1544.8 29.31
1545.6 29.32
1546.4 29.33
1547.2 29.34
1548 29.35
1548.8 29.36
1549.6 29.37
1550.4 29.38
1551.2 29.39
1552 29.4
1552.8 29.41
1553.6 29.42
1554.4 29.43
1555.2 29.44
1556 29.45
1556.8 29.46
1557.6 29.47
1558.4 29.48
1559.2 29.49
1560 29.5
1560.8 29.51
1561.6 29.52
1562.4 29.53
1563.2 29.54
1564 29.55
1564.8 29.56
1565.6 29.57
1566.4 29.58
1567.2 29.59
1568 29.6
1568.8 29.61
1569.6 29.62
1570.4 29.63
1571.2 29.64
1572 29.65
1572.8 29.66
1573.6 29.67
1574.4 29.68
1575.2 29.69
1576 29.7
1576.8 29.71
1577.6 29.72
1578.4 29.73
1579.2 29.74
1580 29.75
1580.8 29.76
1581.6 29.77
1582.4 29.78
1583.2 29.79
1584 29.8
1584.8 29.81
1585.6 29.82
1586.4 29.83
1587.2 29.84
1588 29.85
1588.8 29.86
1589.6 29.87
1590.4 29.88
1591.2 29.89
1592 29.9
1592.8 29.91
1593.6 29.92
1594.4 29.93
1595.2 29.94
1596 29.95
1596.8 29.96
1597.6 29.97
1598.4 29.98
1599.2 29.99
1600 30
1600.8 30.01
1601.6 30.02
1602.4 30.03
1603.2 30.04
1604 30.05
1604.8 30.06
1605.6 30.07
1606.4 30.08
1607.2 30.09
1608 30.1
1608.8 30.11
1609.6 30.12
1610.4 30.13
1611.2 30.14
1612 30.15
1612.8 30.16
1613.6 30.17
1614.4 30.18
1615.2 30.19
1616 30.2
1616.8 30.21
1617.6 30.22
1618.4 30.23
1619.2 30.24
1620 30.25
1620.8 30.26
1621.6 30.27
1622.4 30.28
1623.2 30.29
1624 30.3
1624.8 30.31
1625.6 30.32
1626.4 30.33
1627.2 30.34
1628 30.35
1628.8 30.36
1629.6 30.37
1630.4 30.38
1631.2 30.39
1632 30.4
1632.8 30.41
1633.6 30.42
1634.4 30.43
1635.2 30.44
1636 30.45
1636.8 30.46
1637.6 30.47
1638.4 30.48
1639.2 30.49
1640 30.5
1640.8 30.51
1641.6 30.52
1642.4 30.53
1643.2 30.54
1644 30.55
1644.8 30.56
1645.6 30.57
1646.4 30.58
1647.2 30.59
1648 30.6
1648.8 30.61
1649.6 30.62
1650.4 30.63
1651.2 30.64
1652 30.65
1652.8 30.66
1653.6 30.67
1654.4 30.68
1655.2 30.69
1656 30.7
1656.8 30.71
1657.6 30.72
1658.4 30.73
1659.2 30.74
1660 30.75
1660.8 30.76
1661.6 30.77
1662.4 30.78
1663.2 30.79
1664 30.8
1664.8 30.81
1665.6 30.82
1666.4 30.83
1667.2 30.84
1668 30.85
1668.8 30.86
1669.6 30.87
1670.4 30.88
1671.2 30.89
1672 30.9
1672.8 30.91
1673.6 30.92
1674.4 30.93
1675.2 30.94
1676 30.95
1676.8 30.96
1677.6 30.97
1678.4 30.98
1679.2 30.99
1680 31
1680.8 31.01
1681.6 31.02
1682.4 31.03
1683.2 31.04
1684 31.05
1684.8 31.06
1685.6 31.07
1686.4 31.08
1687.2 31.09
1688 31.1
1688.8 31.11
1689.6 31.12
1690.4 31.13
1691.2 31.14
1692 31.15
1692.8 31.16
1693.6 31.17
1694.4 31.18
1695.2 31.19
1696 31.2
1696.8 31.21
1697.6 31.22
1698.4 31.23
1699.2 31.24
1700 31.25
1700.8 31.26
1701.6 31.27
1702.4 31.28
1703.2 31.29
1704 31.3
1704.8 31.31
1705.6 31.32
1706.4 31.33
1707.2 31.34
1708 31.35
1708.8 31.36
1709.6 31.37
1710.4 31.38
1711.2 31.39
1712 31.4
1712.8 31.41
1713.6 31.42
1714.4 31.43
1715.2 31.44
1716 31.45
1716.8 31.46
1717.6 31.47
1718.4 31.48
1719.2 31.49
1720 31.5
1720.8 31.51
1721.6 31.52
1722.4 31.53
1723.2 31.54
1724 31.55
1724.8 31.56
1725.6 31.57
1726.4 31.58
1727.2 31.59
1728 31.6
1728.8 31.61
1729.6 31.62
1730.4 31.63
1731.2 31.64
1732 31.65
1732.8 31.66
1733.6 31.67
1734.4 31.68
1735.2 31.69
1736 31.7
1736.8 31.71
1737.6 31.72
1738.4 31.73
1739.2 31.74
1740 31.75
1740.8 31.76
1741.6 31.77
1742.4 31.78
1743.2 31.79
1744 31.8
1744.8 31.81
1745.6 31.82
1746.4 31.83
1747.2 31.84
1748 31.85
1748.8 31.86
1749.6 31.87
1750.4 31.88
1751.2 31.89
1752 31.9
1752.8 31.91
1753.6 31.92
1754.4 31.93
1755.2 31.94
1756 31.95
1756.8 31.96
1757.6 31.97
1758.4 31.98
1759.2 31.99
1760 32
1760.8 32.01
1761.6 32.02
1762.4 32.03
1763.2 32.04
1764 32.05
1764.8 32.06
1765.6 32.07
1766.4 32.08
1767.2 32.09
1768 32.1
1768.8 32.11
1769.6 32.12
1770.4 32.13
1771.2 32.14
1772 32.15
1772.8 32.16
1773.6 32.17
1774.4 32.18
1775.2 32.19
1776 32.2
1776.8 32.21
1777.6 32.22
1778.4 32.23
1779.2 32.24
1780 32.25
1780.8 32.26
1781.6 32.27
1782.4 32.28
1783.2 32.29
1784 32.3
1784.8 32.31
1785.6 32.32
1786.4 32.33
1787.2 32.34
1788 32.35
1788.8 32.36
1789.6 32.37
1790.4 32.38
1791.2 32.39
1792 32.4
1792.8 32.41
1793.6 32.42
1794.4 32.43
1795.2 32.44
1796 32.45
1796.8 32.46
1797.6 32.47
1798.4 32.48
1799.2 32.49
1800 32.5
1800.8 32.51
1801.6 32.52
1802.4 32.53
1803.2 32.54
1804 32.55
1804.8 32.56
1805.6 32.57
1806.4 32.58
1807.2 32.59
1808 32.6
1808.8 32.61
1809.6 32.62
1810.4 32.63
1811.2 32.64
1812 32.65
1812.8 32.66
1813.6 32.67
1814.4 32.68
1815.2 32.69
1816 32.7
1816.8 32.71
1817.6 32.72
1818.4 32.73
1819.2 32.74
1820 32.75
1820.8 32.76
1821.6 32.77
1822.4 32.78
1823.2 32.79
1824 32.8
1824.8 32.81
1825.6 32.82
1826.4 32.83
1827.2 32.84
1828 32.85
1828.8 32.86
1829.6 32.87
1830.4 32.88
1831.2 32.89
1832 32.9
1832.8 32.91
1833.6 32.92
1834.4 32.93
1835.2 32.94
1836 32.95
1836.8 32.96
1837.6 32.97
1838.4 32.98
1839.2 32.99
1840 33
1840.8 33.01
1841.6 33.02
1842.4 33.03
1843.2 33.04
1844 33.05
1844.8 33.06
1845.6 33.07
1846.4 33.08
1847.2 33.09
1848 33.1
1848.8 33.11
1849.6 33.12
1850.4 33.13
1851.2 33.14
1852 33.15
1852.8 33.16
1853.6 33.17
1854.4 33.18
1855.2 33.19
1856 33.2
1856.8 33.21
1857.6 33.22
1858.4 33.23
1859.2 33.24
1860 33.25
1860.8 33.26
1861.6 33.27
1862.4 33.28
1863.2 33.29
1864 33.3
1864.8 33.31
1865.6 33.32
1866.4 33.33
1867.2 33.34
1868 33.35
1868.8 33.36
1869.6 33.37
1870.4 33.38
1871.2 33.39
1872 33.4
1872.8 33.41
1873.6 33.42
1874.4 33.43
1875.2 33.44
1876 33.45
1876.8 33.46
1877.6 33.47
1878.4 33.48
1879.2 33.49
1880 33.5
1880.8 33.51
1881.6 33.52
1882.4 33.53
1883.2 33.54
1884 33.55
1884.8 33.56
1885.6 33.57
1886.4 33.58
1887.2 33.59
1888 33.6
1888.8 33.61
1889.6 33.62
1890.4 33.63
1891.2 33.64
1892 33.65
1892.8 33.66
1893.6 33.67
1894.4 33.68
1895.2 33.69
1896 33.7
1896.8 33.71
1897.6 33.72
1898.4 33.73
1899.2 33.74
1900 33.75
1900.8 33.76
1901.6 33.77
1902.4 33.78
1903.2 33.79
1904 33.8
1904.8 33.81
1905.6 33.82
1906.4 33.83
1907.2 33.84
1908 33.85
1908.8 33.86
1909.6 33.87
1910.4 33.88
1911.2 33.89
1912 33.9
1912.8 33.91
1913.6 33.92
1914.4 33.93
1915.2 33.94
1916 33.95
1916.8 33.96
1917.6 33.97
1918.4 33.98
1919.2 33.99
1920 34
1920.8 34.01
1921.6 34.02
1922.4 34.03
1923.2 34.04
1924 34.05
1924.8 34.06
1925.6 34.07
1926.4 34.08
1927.2 34.09
1928 34.1
1928.8 34.11
1929.6 34.12
1930.4 34.13
1931.2 34.14
1932 34.15
1932.8 34.16
1933.6 34.17
1934.4 34.18
1935.2 34.19
1936 34.2
1936.8 34.21
1937.6 34.22
1938.4 34.23
1939.2 34.24
1940 34.25
1940.8 34.26
1941.6 34.27
1942.4 34.28
1943.2 34.29
1944 34.3
1944.8 34.31
1945.6 34.32
1946.4 34.33
1947.2 34.34
1948 34.35
1948.8 34.36
1949.6 34.37
1950.4 34.38
1951.2 34.39
1952 34.4
1952.8 34.41
1953.6 34.42
1954.4 34.43
1955.2 34.44
1956 34.45
1956.8 34.46
1957.6 34.47
1958.4 34.48
1959.2 34.49
1960 34.5
1960.8 34.51
1961.6 34.52
1962.4 34.53
1963.2 34.54
1964 34.55
1964.8 34.56
1965.6 34.57
1966.4 34.58
1967.2 34.59
1968 34.6
1968.8 34.61
1969.6 34.62
1970.4 34.63
1971.2 34.64
1972 34.65
1972.8 34.66
1973.6 34.67
1974.4 34.68
1975.2 34.69
1976 34.7
1976.8 34.71
1977.6 34.72
1978.4 34.73
1979.2 34.74
1980 34.75
1980.8 34.76
1981.6 34.77
1982.4 34.78
1983.2 34.79
1984 34.8
1984.8 34.81
1985.6 34.82
1986.4 34.83
1987.2 34.84
1988 34.85
1988.8 34.86
1989.6 34.87
1990.4 34.88
1991.2 34.89
1992 34.9
1992.8 34.91
1993.6 34.92
1994.4 34.93
1995.2 34.94
1996 34.95
1996.8 34.96
1997.6 34.97
1998.4 34.98
1999.2 34.99
2000 35
2000.8 35.01
2001.6 35.02
2002.4 35.03
2003.2 35.04
2004 35.05
2004.8 35.06
2005.6 35.07
2006.4 35.08
2007.2 35.09
2008 35.1
2008.8 35.11
2009.6 35.12
2010.4 35.13
2011.2 35.14
2012 35.15
2012.8 35.16
2013.6 35.17
2014.4 35.18
2015.2 35.19
2016 35.2
2016.8 35.21
2017.6 35.22
2018.4 35.23
2019.2 35.24
2020 35.25
2020.8 35.26
2021.6 35.27
2022.4 35.28
2023.2 35.29
2024 35.3
2024.8 35.31
2025.6 35.32
2026.4 35.33
2027.2 35.34
2028 35.35
2028.8 35.36
2029.6 35.37
2030.4 35.38
2031.2 35.39
2032 35.4
2032.8 35.41
2033.6 35.42
2034.4 35.43
2035.2 35.44
2036 35.45
2036.8 35.46
2037.6 35.47
2038.4 35.48
2039.2 35.49
2040 35.5
2040.8 35.51
2041.6 35.52
2042.4 35.53
2043.2 35.54
2044 35.55
2044.8 35.56
2045.6 35.57
2046.4 35.58
2047.2 35.59
2048 35.6
2048.8 35.61
2049.6 35.62
2050.4 35.63
2051.2 35.64
2052 35.65
2052.8 35.66
2053.6 35.67
2054.4 35.68
2055.2 35.69
2056 35.7
2056.8 35.71
2057.6 35.72
2058.4 35.73
2059.2 35.74
2060 35.75
2060.8 35.76
2061.6 35.77
2062.4 35.78
2063.2 35.79
2064 35.8
2064.8 35.81
2065.6 35.82
2066.4 35.83
2067.2 35.84
2068 35.85
2068.8 35.86
2069.6 35.87
2070.4 35.88
2071.2 35.89
2072 35.9
2072.8 35.91
2073.6 35.92
2074.4 35.93
2075.2 35.94
2076 35.95
2076.8 35.96
2077.6 35.97
2078.4 35.98
2079.2 35.99
2080 36
2080.8 36.01
2081.6 36.02
2082.4 36.03
2083.2 36.04
2084 36.05
2084.8 36.06
2085.6 36.07
2086.4 36.08
2087.2 36.09
2088 36.1
2088.8 36.11
2089.6 36.12
2090.4 36.13
2091.2 36.14
2092 36.15
2092.8 36.16
2093.6 36.17
2094.4 36.18
2095.2 36.19
2096 36.2
2096.8 36.21
2097.6 36.22
2098.4 36.23
2099.2 36.24
2100 36.25
2100.8 36.26
2101.6 36.27
2102.4 36.28
2103.2 36.29
2104 36.3
2104.8 36.31
2105.6 36.32
2106.4 36.33
2107.2 36.34
2108 36.35
2108.8 36.36
2109.6 36.37
2110.4 36.38
2111.2 36.39
2112 36.4
2112.8 36.41
2113.6 36.42
2114.4 36.43
2115.2 36.44
2116 36.45
2116.8 36.46
2117.6 36.47
2118.4 36.48
2119.2 36.49
2120 36.5
2120.8 36.51
2121.6 36.52
2122.4 36.53
2123.2 36.54
2124 36.55
2124.8 36.56
2125.6 36.57
2126.4 36.58
2127.2 36.59
2128 36.6
2128.8 36.61
2129.6 36.62
2130.4 36.63
2131.2 36.64
2132 36.65
2132.8 36.66
2133.6 36.67
2134.4 36.68
2135.2 36.69
2136 36.7
2136.8 36.71
2137.6 36.72
2138.4 36.73
2139.2 36.74
2140 36.75
2140.8 36.76
2141.6 36.77
2142.4 36.78
2143.2 36.79
2144 36.8
2144.8 36.81
2145.6 36.82
2146.4 36.83
2147.2 36.84
2148 36.85
2148.8 36.86
2149.6 36.87
2150.4 36.88
2151.2 36.89
2152 36.9
2152.8 36.91
2153.6 36.92
2154.4 36.93
2155.2 36.94
2156 36.95
2156.8 36.96
2157.6 36.97
2158.4 36.98
2159.2 36.99
2160 37
2160 37.01
2160 37.02
2160 37.03
2160 37.04
2160 37.05
2160 37.06
2160 37.07
2160 37.08
2160 37.09
2160 37.1
2160 37.11
2160 37.12
2160 37.13
2160 37.14
2160 37.15
2160 37.16
2160 37.17
2160 37.18
2160 37.19
2160 37.2
2160 37.21
2160 37.22
2160 37.23
2160 37.24
2160 37.25
2160 37.26
2160 37.27
2160 37.28
2160 37.29
2160 37.3
2160 37.31
2160 37.32
2160 37.33
2160 37.34
2160 37.35
2160 37.36
2160 37.37
2160 37.38
2160 37.39
2160 37.4
2160 37.41
2160 37.42
2160 37.43
2160 37.44
2160 37.45
2160 37.46
2160 37.47
2160 37.48
2160 37.49
2160 37.5
2160 37.51
2160 37.52
2160 37.53
2160 37.54
2160 37.55
2160 37.56
2160 37.57
2160 37.58
2160 37.59
2160 37.6
2160 37.61
2160 37.62
2160 37.63
2160 37.64
2160 37.65
2160 37.66
2160 37.67
2160 37.68
2160 37.69
2160 37.7
2160 37.71
2160 37.72
2160 37.73
2160 37.74
2160 37.75
2160 37.76
2160 37.77
2160 37.78
2160 37.79
2160 37.8
2160 37.81
2160 37.82
2160 37.83
2160 37.84
2160 37.85
2160 37.86
2160 37.87
2160 37.88
2160 37.89
2160 37.9
2160 37.91
2160 37.92
2160 37.93
2160 37.94
2160 37.95
2160 37.96
2160 37.97
2160 37.98
2160 37.99
2160 38
2160 38.01
2160 38.02
2160 38.03
2160 38.04
2160 38.05
2160 38.06
2160 38.07
2160 38.08
2160 38.09
2160 38.1
2160 38.11
2160 38.12
2160 38.13
2160 38.14
2160 38.15
2160 38.16
2160 38.17
2160 38.18
2160 38.19
2160 38.2
2160 38.21
2160 38.22
2160 38.23
2160 38.24
2160 38.25
2160 38.26
2160 38.27
2160 38.28
2160 38.29
2160 38.3
2160 38.31
2160 38.32
2160 38.33
2160 38.34
2160 38.35
2160 38.36
2160 38.37
2160 38.38
2160 38.39
2160 38.4
2160 38.41
2160 38.42
2160 38.43
2160 38.44
2160 38.45
2160 38.46
2160 38.47
2160 38.48
2160 38.49
2160 38.5
2160 38.51
2160 38.52
2160 38.53
2160 38.54
2160 38.55
2160 38.56
2160 38.57
2160 38.58
2160 38.59
2160 38.6
2160 38.61
2160 38.62
2160 38.63
2160 38.64
2160 38.65
2160 38.66
2160 38.67
2160 38.68
2160 38.69
2160 38.7
2160 38.71
2160 38.72
2160 38.73
2160 38.74
2160 38.75
2160 38.76
2160 38.77
2160 38.78
2160 38.79
2160 38.8
2160 38.81
2160 38.82
2160 38.83
2160 38.84
2160 38.85
2160 38.86
2160 38.87
2160 38.88
2160 38.89
2160 38.9
2160 38.91
2160 38.92
2160 38.93
2160 38.94
2160 38.95
2160 38.96
2160 38.97
2160 38.98
2160 38.99
2160 39
2160 39.01
2160 39.02
2160 39.03
2160 39.04
2160 39.05
2160 39.06
2160 39.07
2160 39.08
2160 39.09
2160 39.1
2160 39.11
2160 39.12
2160 39.13
2160 39.14
2160 39.15
2160 39.16
2160 39.17
2160 39.18
2160 39.19
2160 39.2
2160 39.21
2160 39.22
2160 39.23
2160 39.24
2160 39.25
2160 39.26
2160 39.27
2160 39.28
2160 39.29
2160 39.3
2160 39.31
2160 39.32
2160 39.33
2160 39.34
2160 39.35
2160 39.36
2160 39.37
2160 39.38
2160 39.39
2160 39.4
2160 39.41
2160 39.42
2160 39.43
2160 39.44
2160 39.45
2160 39.46
2160 39.47
2160 39.48
2160 39.49
2160 39.5
2160 39.51
2160 39.52
2160 39.53
2160 39.54
2160 39.55
2160 39.56
2160 39.57
2160 39.58
2160 39.59
2160 39.6
2160 39.61
2160 39.62
2160 39.63
2160 39.64
2160 39.65
2160 39.66
2160 39.67
2160 39.68
2160 39.69
2160 39.7
2160 39.71
2160 39.72
2160 39.73
2160 39.74
2160 39.75
2160 39.76
2160 39.77
2160 39.78
2160 39.79
2160 39.8
2160 39.81
2160 39.82
2160 39.83
2160 39.84
2160 39.85
2160 39.86
2160 39.87
2160 39.88
2160 39.89
2160 39.9
2160 39.91
2160 39.92
2160 39.93
2160 39.94
2160 39.95
2160 39.96
2160 39.97
2160 39.98
2160 39.99
2160 40
2159.2 40.01
2158.4 40.02
2157.6 40.03
2156.8 40.04
2156 40.05
2155.2 40.06
2154.4 40.07
2153.6 40.08
2152.8 40.09
2152 40.1
2151.2 40.11
2150.4 40.12
2149.6 40.13
2148.8 40.14
2148 40.15
2147.2 40.16
2146.4 40.17
2145.6 40.18
2144.8 40.19
2144 40.2
2143.2 40.21
2142.4 40.22
2141.6 40.23
2140.8 40.24
2140 40.25
2139.2 40.26
2138.4 40.27
2137.6 40.28
2136.8 40.29
2136 40.3
2135.2 40.31
2134.4 40.32
2133.6 40.33
2132.8 40.34
2132 40.35
2131.2 40.36
2130.4 40.37
2129.6 40.38
2128.8 40.39
2128 40.4
2127.2 40.41
2126.4 40.42
2125.6 40.43
2124.8 40.44
2124 40.45
2123.2 40.46
2122.4 40.47
2121.6 40.48
2120.8 40.49
2120 40.5
2119.2 40.51
2118.4 40.52
2117.6 40.53
2116.8 40.54
2116 40.55
2115.2 40.56
2114.4 40.57
2113.6 40.58
2112.8 40.59
2112 40.6
2111.2 40.61
2110.4 40.62
2109.6 40.63
2108.8 40.64
2108 40.65
2107.2 40.66
2106.4 40.67
2105.6 40.68
2104.8 40.69
2104 40.7
2103.2 40.71
2102.4 40.72
2101.6 40.73
2100.8 40.74
2100 40.75
2099.2 40.76
2098.4 40.77
2097.6 40.78
2096.8 40.79
2096 40.8
2095.2 40.81
2094.4 40.82
2093.6 40.83
2092.8 40.84
2092 40.85
2091.2 40.86
2090.4 40.87
2089.6 40.88
2088.8 40.89
2088 40.9
2087.2 40.91
2086.4 40.92
2085.6 40.93
2084.8 40.94
2084 40.95
2083.2 40.96
2082.4 40.97
2081.6 40.98
2080.8 40.99
2080 41
2079.2 41.01
2078.4 41.02
2077.6 41.03
2076.8 41.04
2076 41.05
2075.2 41.06
2074.4 41.07
2073.6 41.08
2072.8 41.09
2072 41.1
2071.2 41.11
2070.4 41.12
2069.6 41.13
2068.8 41.14
2068 41.15
2067.2 41.16
2066.4 41.17
2065.6 41.18
2064.8 41.19
2064 41.2
2063.2 41.21
2062.4 41.22
2061.6 41.23
2060.8 41.24
2060 41.25
2059.2 41.26
2058.4 41.27
2057.6 41.28
2056.8 41.29
2056 41.3
2055.2 41.31
2054.4 41.32
2053.6 41.33
2052.8 41.34
2052 41.35
2051.2 41.36
2050.4 41.37
2049.6 41.38
2048.8 41.39
2048 41.4
2047.2 41.41
2046.4 41.42
2045.6 41.43
2044.8 41.44
2044 41.45
2043.2 41.46
2042.4 41.47
2041.6 41.48
2040.8 41.49
2040 41.5
2039.2 41.51
2038.4 41.52
2037.6 41.53
2036.8 41.54
2036 41.55
2035.2 41.56
2034.4 41.57
2033.6 41.58
2032.8 41.59
2032 41.6
2031.2 41.61
2030.4 41.62
2029.6 41.63
2028.8 41.64
2028 41.65
2027.2 41.66
2026.4 41.67
2025.6 41.68
2024.8 41.69
2024 41.7
2023.2 41.71
2022.4 41.72
2021.6 41.73
2020.8 41.74
2020 41.75
2019.2 41.76
2018.4 41.77
2017.6 41.78
2016.8 41.79
2016 41.8
2015.2 41.81
2014.4 41.82
2013.6 41.83
2012.8 41.84
2012 41.85
2011.2 41.86
2010.4 41.87
2009.6 41.88
2008.8 41.89
2008 41.9
2007.2 41.91
2006.4 41.92
2005.6 41.93
2004.8 41.94
2004 41.95
2003.2 41.96
2002.4 41.97
2001.6 41.98
2000.8 41.99
2000 42
1999.2 42.01
1998.4 42.02
1997.6 42.03
1996.8 42.04
1996 42.05
1995.2 42.06
1994.4 42.07
1993.6 42.08
1992.8 42.09
1992 42.1
1991.2 42.11
1990.4 42.12
1989.6 42.13
1988.8 42.14
1988 42.15
1987.2 42.16
1986.4 42.17
1985.6 42.18
1984.8 42.19
1984 42.2
1983.2 42.21
1982.4 42.22
1981.6 42.23
1980.8 42.24
1980 42.25
1979.2 42.26
1978.4 42.27
1977.6 42.28
1976.8 42.29
1976 42.3
1975.2 42.31
1974.4 42.32
1973.6 42.33
1972.8 42.34
1972 42.35
1971.2 42.36
1970.4 42.37
1969.6 42.38
1968.8 42.39
1968 42.4
1967.2 42.41
1966.4 42.42
1965.6 42.43
1964.8 42.44
1964 42.45
1963.2 42.46
1962.4 42.47
1961.6 42.48
1960.8 42.49
1960 42.5
1959.2 42.51
1958.4 42.52
1957.6 42.53
1956.8 42.54
1956 42.55
1955.2 42.56
1954.4 42.57
1953.6 42.58
1952.8 42.59
1952 42.6
1951.2 42.61
1950.4 42.62
1949.6 42.63
1948.8 42.64
1948 42.65
1947.2 42.66
1946.4 42.67
1945.6 42.68
1944.8 42.69
1944 42.7
1943.2 42.71
1942.4 42.72
1941.6 42.73
1940.8 42.74
1940 42.75
1939.2 42.76
1938.4 42.77
1937.6 42.78
1936.8 42.79
1936 42.8
1935.2 42.81
1934.4 42.82
1933.6 42.83
1932.8 42.84
1932 42.85
1931.2 42.86
1930.4 42.87
1929.6 42.88
1928.8 42.89
1928 42.9
1927.2 42.91
1926.4 42.92
1925.6 42.93
1924.8 42.94
1924 42.95
1923.2 42.96
1922.4 42.97
1921.6 42.98
1920.8 42.99
1920 43
1919.2 43.01
1918.4 43.02
1917.6 43.03
1916.8 43.04
1916 43.05
1915.2 43.06
1914.4 43.07
1913.6 43.08
1912.8 43.09
1912 43.1
1911.2 43.11
1910.4 43.12
1909.6 43.13
1908.8 43.14
1908 43.15
1907.2 43.16
1906.4 43.17
1905.6 43.18
1904.8 43.19
1904 43.2
1903.2 43.21
1902.4 43.22
1901.6 43.23
1900.8 43.24
1900 43.25
1899.2 43.26
1898.4 43.27
1897.6 43.28
1896.8 43.29
1896 43.3
1895.2 43.31
1894.4 43.32
1893.6 43.33
1892.8 43.34
1892 43.35
1891.2 43.36
1890.4 43.37
1889.6 43.38
1888.8 43.39
1888 43.4
1887.2 43.41
1886.4 43.42
1885.6 43.43
1884.8 43.44
1884 43.45
1883.2 43.46
1882.4 43.47
1881.6 43.48
1880.8 43.49
1880 43.5
1879.2 43.51
1878.4 43.52
1877.6 43.53
1876.8 43.54
1876 43.55
1875.2 43.56
1874.4 43.57
1873.6 43.58
1872.8 43.59
1872 43.6
1871.2 43.61
1870.4 43.62
1869.6 43.63
1868.8 43.64
1868 43.65
1867.2 43.66
1866.4 43.67
1865.6 43.68
1864.8 43.69
1864 43.7
1863.2 43.71
1862.4 43.72
1861.6 43.73
1860.8 43.74
1860 43.75
1859.2 43.76
1858.4 43.77
1857.6 43.78
1856.8 43.79
1856 43.8
1855.2 43.81
1854.4 43.82
1853.6 43.83
1852.8 43.84
1852 43.85
1851.2 43.86
1850.4 43.87
1849.6 43.88
1848.8 43.89
1848 43.9
1847.2 43.91
1846.4 43.92
1845.6 43.93
1844.8 43.94
1844 43.95
1843.2 43.96
1842.4 43.97
1841.6 43.98
1840.8 43.99
1840 44
1839.2 44.01
1838.4 44.02
1837.6 44.03
1836.8 44.04
1836 44.05
1835.2 44.06
1834.4 44.07
1833.6 44.08
1832.8 44.09
1832 44.1
1831.2 44.11
1830.4 44.12
1829.6 44.13
1828.8 44.14
1828 44.15
1827.2 44.16
1826.4 44.17
1825.6 44.18
1824.8 44.19
1824 44.2
1823.2 44.21
1822.4 44.22
1821.6 44.23
1820.8 44.24
1820 44.25
1819.2 44.26
1818.4 44.27
1817.6 44.28
1816.8 44.29
1816 44.3
1815.2 44.31
1814.4 44.32
1813.6 44.33
1812.8 44.34
1812 44.35
1811.2 44.36
1810.4 44.37
1809.6 44.38
1808.8 44.39
1808 44.4
1807.2 44.41
1806.4 44.42
1805.6 44.43
1804.8 44.44
1804 44.45
1803.2 44.46
1802.4 44.47
1801.6 44.48
1800.8 44.49
1800 44.5
1799.2 44.51
1798.4 44.52
1797.6 44.53
1796.8 44.54
1796 44.55
1795.2 44.56
1794.4 44.57
1793.6 44.58
1792.8 44.59
1792 44.6
1791.2 44.61
1790.4 44.62
1789.6 44.63
1788.8 44.64
1788 44.65
1787.2 44.66
1786.4 44.67
1785.6 44.68
1784.8 44.69
1784 44.7
1783.2 44.71
1782.4 44.72
1781.6 44.73
1780.8 44.74
1780 44.75
1779.2 44.76
1778.4 44.77
1777.6 44.78
1776.8 44.79
1776 44.8
1775.2 44.81
1774.4 44.82
1773.6 44.83
1772.8 44.84
1772 44.85
1771.2 44.86
1770.4 44.87
1769.6 44.88
1768.8 44.89
1768 44.9
1767.2 44.91
1766.4 44.92
1765.6 44.93
1764.8 44.94
1764 44.95
1763.2 44.96
1762.4 44.97
1761.6 44.98
1760.8 44.99
1760 45
1759.2 45.01
1758.4 45.02
1757.6 45.03
1756.8 45.04
1756 45.05
1755.2 45.06
1754.4 45.07
1753.6 45.08
1752.8 45.09
1752 45.1
1751.2 45.11
1750.4 45.12
1749.6 45.13
1748.8 45.14
1748 45.15
1747.2 45.16
1746.4 45.17
1745.6 45.18
1744.8 45.19
1744 45.2
1743.2 45.21
1742.4 45.22
1741.6 45.23
1740.8 45.24
1740 45.25
1739.2 45.26
1738.4 45.27
1737.6 45.28
1736.8 45.29
1736 45.3
1735.2 45.31
1734.4 45.32
1733.6 45.33
1732.8 45.34
1732 45.35
1731.2 45.36
1730.4 45.37
1729.6 45.38
1728.8 45.39
1728 45.4
1727.2 45.41
1726.4 45.42
1725.6 45.43
1724.8 45.44
1724 45.45
1723.2 45.46
1722.4 45.47
1721.6 45.48
1720.8 45.49
1720 45.5
1719.2 45.51
1718.4 45.52
1717.6 45.53
1716.8 45.54
1716 45.55
1715.2 45.56
1714.4 45.57
1713.6 45.58
1712.8 45.59
1712 45.6
1711.2 45.61
1710.4 45.62
1709.6 45.63
1708.8 45.64
1708 45.65
1707.2 45.66
1706.4 45.67
1705.6 45.68
1704.8 45.69
1704 45.7
1703.2 45.71
1702.4 45.72
1701.6 45.73
1700.8 45.74
1700 45.75
1699.2 45.76
1698.4 45.77
1697.6 45.78
1696.8 45.79
1696 45.8
1695.2 45.81
1694.4 45.82
1693.6 45.83
1692.8 45.84
1692 45.85
1691.2 45.86
1690.4 45.87
1689.6 45.88
1688.8 45.89
1688 45.9
1687.2 45.91
1686.4 45.92
1685.6 45.93
1684.8 45.94
1684 45.95
1683.2 45.96
1682.4 45.97
1681.6 45.98
1680.8 45.99
1680 46
1679.2 46.01
1678.4 46.02
1677.6 46.03
1676.8 46.04
1676 46.05
1675.2 46.06
1674.4 46.07
1673.6 46.08
1672.8 46.09
1672 46.1
1671.2 46.11
1670.4 46.12
1669.6 46.13
1668.8 46.14
1668 46.15
1667.2 46.16
1666.4 46.17
1665.6 46.18
1664.8 46.19
1664 46.2
1663.2 46.21
1662.4 46.22
1661.6 46.23
1660.8 46.24
1660 46.25
1659.2 46.26
1658.4 46.27
1657.6 46.28
1656.8 46.29
1656 46.3
1655.2 46.31
1654.4 46.32
1653.6 46.33
1652.8 46.34
1652 46.35
1651.2 46.36
1650.4 46.37
1649.6 46.38
1648.8 46.39
1648 46.4
1647.2 46.41
1646.4 46.42
1645.6 46.43
1644.8 46.44
1644 46.45
1643.2 46.46
1642.4 46.47
1641.6 46.48
1640.8 46.49
1640 46.5
1639.2 46.51
1638.4 46.52
1637.6 46.53
1636.8 46.54
1636 46.55
1635.2 46.56
1634.4 46.57
1633.6 46.58
1632.8 46.59
1632 46.6
1631.2 46.61
1630.4 46.62
1629.6 46.63
1628.8 46.64
1628 46.65
1627.2 46.66
1626.4 46.67
1625.6 46.68
1624.8 46.69
1624 46.7
1623.2 46.71
1622.4 46.72
1621.6 46.73
1620.8 46.74
1620 46.75
1619.2 46.76
1618.4 46.77
1617.6 46.78
1616.8 46.79
1616 46.8
1615.2 46.81
1614.4 46.82
1613.6 46.83
1612.8 46.84
1612 46.85
1611.2 46.86
1610.4 46.87
1609.6 46.88
1608.8 46.89
1608 46.9
1607.2 46.91
1606.4 46.92
1605.6 46.93
1604.8 46.94
1604 46.95
1603.2 46.96
1602.4 46.97
1601.6 46.98
1600.8 46.99
1600 47
1599.2 47.01
1598.4 47.02
1597.6 47.03
1596.8 47.04
1596 47.05
1595.2 47.06
1594.4 47.07
1593.6 47.08
1592.8 47.09
1592 47.1
1591.2 47.11
1590.4 47.12
1589.6 47.13
1588.8 47.14
1588 47.15
1587.2 47.16
1586.4 47.17
1585.6 47.18
1584.8 47.19
1584 47.2
1583.2 47.21
1582.4 47.22
1581.6 47.23
1580.8 47.24
1580 47.25
1579.2 47.26
1578.4 47.27
1577.6 47.28
1576.8 47.29
1576 47.3
1575.2 47.31
1574.4 47.32
1573.6 47.33
1572.8 47.34
1572 47.35
1571.2 47.36
1570.4 47.37
1569.6 47.38
1568.8 47.39
1568 47.4
1567.2 47.41
1566.4 47.42
1565.6 47.43
1564.8 47.44
1564 47.45
1563.2 47.46
1562.4 47.47
1561.6 47.48
1560.8 47.49
1560 47.5
1559.2 47.51
1558.4 47.52
1557.6 47.53
1556.8 47.54
1556 47.55
1555.2 47.56
1554.4 47.57
1553.6 47.58
1552.8 47.59
1552 47.6
1551.2 47.61
1550.4 47.62
1549.6 47.63
1548.8 47.64
1548 47.65
1547.2 47.66
1546.4 47.67
1545.6 47.68
1544.8 47.69
1544 47.7
1543.2 47.71
1542.4 47.72
1541.6 47.73
1540.8 47.74
1540 47.75
1539.2 47.76
1538.4 47.77
1537.6 47.78
1536.8 47.79
1536 47.8
1535.2 47.81
1534.4 47.82
1533.6 47.83
1532.8 47.84
1532 47.85
1531.2 47.86
1530.4 47.87
1529.6 47.88
1528.8 47.89
1528 47.9
1527.2 47.91
1526.4 47.92
1525.6 47.93
1524.8 47.94
1524 47.95
1523.2 47.96
1522.4 47.97
1521.6 47.98
1520.8 47.99
1520 48
1519.2 48.01
1518.4 48.02
1517.6 48.03
1516.8 48.04
1516 48.05
1515.2 48.06
1514.4 48.07
1513.6 48.08
1512.8 48.09
1512 48.1
1511.2 48.11
1510.4 48.12
1509.6 48.13
1508.8 48.14
1508 48.15
1507.2 48.16
1506.4 48.17
1505.6 48.18
1504.8 48.19
1504 48.2
1503.2 48.21
1502.4 48.22
1501.6 48.23
1500.8 48.24
1500 48.25
1499.2 48.26
1498.4 48.27
1497.6 48.28
1496.8 48.29
1496 48.3
1495.2 48.31
1494.4 48.32
1493.6 48.33
1492.8 48.34
1492 48.35
1491.2 48.36
1490.4 48.37
1489.6 48.38
1488.8 48.39
1488 48.4
1487.2 48.41
1486.4 48.42
1485.6 48.43
1484.8 48.44
1484 48.45
1483.2 48.46
1482.4 48.47
1481.6 48.48
1480.8 48.49
1480 48.5
1479.2 48.51
1478.4 48.52
1477.6 48.53
1476.8 48.54
1476 48.55
1475.2 48.56
1474.4 48.57
1473.6 48.58
1472.8 48.59
1472 48.6
1471.2 48.61
1470.4 48.62
1469.6 48.63
1468.8 48.64
1468 48.65
1467.2 48.66
1466.4 48.67
1465.6 48.68
1464.8 48.69
1464 48.7
1463.2 48.71
1462.4 48.72
1461.6 48.73
1460.8 48.74
1460 48.75
1459.2 48.76
1458.4 48.77
1457.6 48.78
1456.8 48.79
1456 48.8
1455.2 48.81
1454.4 48.82
1453.6 48.83
1452.8 48.84
1452 48.85
1451.2 48.86
1450.4 48.87
1449.6 48.88
1448.8 48.89
1448 48.9
1447.2 48.91
1446.4 48.92
1445.6 48.93
1444.8 48.94
1444 48.95
1443.2 48.96
1442.4 48.97
1441.6 48.98
1440.8 48.99
1440 49
1439.2 49.01
1438.4 49.02
1437.6 49.03
1436.8 49.04
1436 49.05
1435.2 49.06
1434.4 49.07
1433.6 49.08
1432.8 49.09
1432 49.1
1431.2 49.11
1430.4 49.12
1429.6 49.13
1428.8 49.14
1428 49.15
1427.2 49.16
1426.4 49.17
1425.6 49.18
1424.8 49.19
1424 49.2
1423.2 49.21
1422.4 49.22
1421.6 49.23
1420.8 49.24
1420 49.25
1419.2 49.26
1418.4 49.27
1417.6 49.28
1416.8 49.29
1416 49.3
1415.2 49.31
1414.4 49.32
1413.6 49.33
1412.8 49.34
1412 49.35
1411.2 49.36
1410.4 49.37
1409.6 49.38
1408.8 49.39
1408 49.4
1407.2 49.41
1406.4 49.42
1405.6 49.43
1404.8 49.44
1404 49.45
1403.2 49.46
1402.4 49.47
1401.6 49.48
1400.8 49.49
1400 49.5
1399.2 49.51
1398.4 49.52
1397.6 49.53
1396.8 49.54
1396 49.55
1395.2 49.56
1394.4 49.57
1393.6 49.58
1392.8 49.59
1392 49.6
1391.2 49.61
1390.4 49.62
1389.6 49.63
1388.8 49.64
1388 49.65
1387.2 49.66
1386.4 49.67
1385.6 49.68
1384.8 49.69
1384 49.7
1383.2 49.71
1382.4 49.72
1381.6 49.73
1380.8 49.74
1380 49.75
1379.2 49.76
1378.4 49.77
1377.6 49.78
1376.8 49.79
1376 49.8
1375.2 49.81
1374.4 49.82
1373.6 49.83
1372.8 49.84
1372 49.85
1371.2 49.86
1370.4 49.87
1369.6 49.88
1368.8 49.89
1368 49.9
1367.2 49.91
1366.4 49.92
1365.6 49.93
1364.8 49.94
1364 49.95
1363.2 49.96
1362.4 49.97
1361.6 49.98
1360.8 49.99
1360 50
1359.2 50.01
1358.4 50.02
1357.6 50.03
1356.8 50.04
1356 50.05
1355.2 50.06
1354.4 50.07
1353.6 50.08
1352.8 50.09
1352 50.1
1351.2 50.11
1350.4 50.12
1349.6 50.13
1348.8 50.14
1348 50.15
1347.2 50.16
1346.4 50.17
1345.6 50.18
1344.8 50.19
1344 50.2
1343.2 50.21
1342.4 50.22
1341.6 50.23
1340.8 50.24
1340 50.25
1339.2 50.26
1338.4 50.27
1337.6 50.28
1336.8 50.29
1336 50.3
1335.2 50.31
1334.4 50.32
1333.6 50.33
1332.8 50.34
1332 50.35
1331.2 50.36
1330.4 50.37
1329.6 50.38
1328.8 50.39
1328 50.4
1327.2 50.41
1326.4 50.42
1325.6 50.43
1324.8 50.44
1324 50.45
1323.2 50.46
1322.4 50.47
1321.6 50.48
1320.8 50.49
1320 50.5
1319.2 50.51
1318.4 50.52
1317.6 50.53
1316.8 50.54
1316 50.55
1315.2 50.56
1314.4 50.57
1313.6 50.58
1312.8 50.59
1312 50.6
1311.2 50.61
1310.4 50.62
1309.6 50.63
1308.8 50.64
1308 50.65
1307.2 50.66
1306.4 50.67
1305.6 50.68
1304.8 50.69
1304 50.7
1303.2 50.71
1302.4 50.72
1301.6 50.73
1300.8 50.74
1300 50.75
1299.2 50.76
1298.4 50.77
1297.6 50.78
1296.8 50.79
1296 50.8
1295.2 50.81
1294.4 50.82
1293.6 50.83
1292.8 50.84
1292 50.85
1291.2 50.86
1290.4 50.87
1289.6 50.88
1288.8 50.89
1288 50.9
1287.2 50.91
1286.4 50.92
1285.6 50.93
1284.8 50.94
1284 50.95
1283.2 50.96
1282.4 50.97
1281.6 50.98
1280.8 50.99
1280 51
1279.2 51.01
1278.4 51.02
1277.6 51.03
1276.8 51.04
1276 51.05
1275.2 51.06
1274.4 51.07
1273.6 51.08
1272.8 51.09
1272 51.1
1271.2 51.11
1270.4 51.12
1269.6 51.13
1268.8 51.14
1268 51.15
1267.2 51.16
1266.4 51.17
1265.6 51.18
1264.8 51.19
1264 51.2
1263.2 51.21
1262.4 51.22
1261.6 51.23
1260.8 51.24
1260 51.25
1259.2 51.26
1258.4 51.27
1257.6 51.28
1256.8 51.29
1256 51.3
1255.2 51.31
1254.4 51.32
1253.6 51.33
1252.8 51.34
1252 51.35
1251.2 51.36
1250.4 51.37
1249.6 51.38
1248.8 51.39
1248 51.4
1247.2 51.41
1246.4 51.42
1245.6 51.43
1244.8 51.44
1244 51.45
1243.2 51.46
1242.4 51.47
1241.6 51.48
1240.8 51.49
1240 51.5
1239.2 51.51
1238.4 51.52
1237.6 51.53
1236.8 51.54
1236 51.55
1235.2 51.56
1234.4 51.57
1233.6 51.58
1232.8 51.59
1232 51.6
1231.2 51.61
1230.4 51.62
1229.6 51.63
1228.8 51.64
1228 51.65
1227.2 51.66
1226.4 51.67
1225.6 51.68
1224.8 51.69
1224 51.7
1223.2 51.71
1222.4 51.72
1221.6 51.73
1220.8 51.74
1220 51.75
1219.2 51.76
1218.4 51.77
1217.6 51.78
1216.8 51.79
1216 51.8
1215.2 51.81
1214.4 51.82
1213.6 51.83
1212.8 51.84
1212 51.85
1211.2 51.86
1210.4 51.87
1209.6 51.88
1208.8 51.89
1208 51.9
1207.2 51.91
1206.4 51.92
1205.6 51.93
1204.8 51.94
1204 51.95
1203.2 51.96
1202.4 51.97
1201.6 51.98
1200.8 51.99
1200 52
1199.2 52.01
1198.4 52.02
1197.6 52.03
1196.8 52.04
1196 52.05
1195.2 52.06
1194.4 52.07
1193.6 52.08
1192.8 52.09
1192 52.1
1191.2 52.11
1190.4 52.12
1189.6 52.13
1188.8 52.14
1188 52.15
1187.2 52.16
1186.4 52.17
1185.6 52.18
1184.8 52.19
1184 52.2
1183.2 52.21
1182.4 52.22
1181.6 52.23
1180.8 52.24
1180 52.25
1179.2 52.26
1178.4 52.27
1177.6 52.28
1176.8 52.29
1176 52.3
1175.2 52.31
1174.4 52.32
1173.6 52.33
1172.8 52.34
1172 52.35
1171.2 52.36
1170.4 52.37
1169.6 52.38
1168.8 52.39
1168 52.4
1167.2 52.41
1166.4 52.42
1165.6 52.43
1164.8 52.44
1164 52.45
1163.2 52.46
1162.4 52.47
1161.6 52.48
1160.8 52.49
1160 52.5
1159.2 52.51
1158.4 52.52
1157.6 52.53
1156.8 52.54
1156 52.55
1155.2 52.56
1154.4 52.57
1153.6 52.58
1152.8 52.59
1152 52.6
1151.2 52.61
1150.4 52.62
1149.6 52.63
1148.8 52.64
1148 52.65
1147.2 52.66
1146.4 52.67
1145.6 52.68
1144.8 52.69
1144 52.7
1143.2 52.71
1142.4 52.72
1141.6 52.73
1140.8 52.74
1140 52.75
1139.2 52.76
1138.4 52.77
1137.6 52.78
1136.8 52.79
1136 52.8
1135.2 52.81
1134.4 52.82
1133.6 52.83
1132.8 52.84
1132 52.85
1131.2 52.86
1130.4 52.87
1129.6 52.88
1128.8 52.89
1128 52.9
1127.2 52.91
1126.4 52.92
1125.6 52.93
1124.8 52.94
1124 52.95
1123.2 52.96
1122.4 52.97
1121.6 52.98
1120.8 52.99
1120 53
1119.2 53.01
1118.4 53.02
1117.6 53.03
1116.8 53.04
1116 53.05
1115.2 53.06
1114.4 53.07
1113.6 53.08
1112.8 53.09
1112 53.1
1111.2 53.11
1110.4 53.12
1109.6 53.13
1108.8 53.14
1108 53.15
1107.2 53.16
1106.4 53.17
1105.6 53.18
1104.8 53.19
1104 53.2
1103.2 53.21
1102.4 53.22
1101.6 53.23
1100.8 53.24
1100 53.25
1099.2 53.26
1098.4 53.27
1097.6 53.28
1096.8 53.29
1096 53.3
1095.2 53.31
1094.4 53.32
1093.6 53.33
1092.8 53.34
1092 53.35
1091.2 53.36
1090.4 53.37
1089.6 53.38
1088.8 53.39
1088 53.4
1087.2 53.41
1086.4 53.42
1085.6 53.43
1084.8 53.44
1084 53.45
1083.2 53.46
1082.4 53.47
1081.6 53.48
1080.8 53.49
1080 53.5
1079.2 53.51
1078.4 53.52
1077.6 53.53
1076.8 53.54
1076 53.55
1075.2 53.56
1074.4 53.57
1073.6 53.58
1072.8 53.59
1072 53.6
1071.2 53.61
1070.4 53.62
1069.6 53.63
1068.8 53.64
1068 53.65
1067.2 53.66
1066.4 53.67
1065.6 53.68
1064.8 53.69
1064 53.7
1063.2 53.71
1062.4 53.72
1061.6 53.73
1060.8 53.74
1060 53.75
1059.2 53.76
1058.4 53.77
1057.6 53.78
1056.8 53.79
1056 53.8
1055.2 53.81
1054.4 53.82
1053.6 53.83
1052.8 53.84
1052 53.85
1051.2 53.86
1050.4 53.87
1049.6 53.88
1048.8 53.89
1048 53.9
1047.2 53.91
1046.4 53.92
1045.6 53.93
1044.8 53.94
1044 53.95
1043.2 53.96
1042.4 53.97
1041.6 53.98
1040.8 53.99
1040 54
1039.2 54.01
1038.4 54.02
1037.6 54.03
1036.8 54.04
1036 54.05
1035.2 54.06
1034.4 54.07
1033.6 54.08
1032.8 54.09
1032 54.1
1031.2 54.11
1030.4 54.12
1029.6 54.13
1028.8 54.14
1028 54.15
1027.2 54.16
1026.4 54.17
1025.6 54.18
1024.8 54.19
1024 54.2
1023.2 54.21
1022.4 54.22
1021.6 54.23
1020.8 54.24
1020 54.25
1019.2 54.26
1018.4 54.27
1017.6 54.28
1016.8 54.29
1016 54.3
1015.2 54.31
1014.4 54.32
1013.6 54.33
1012.8 54.34
1012 54.35
1011.2 54.36
1010.4 54.37
1009.6 54.38
1008.8 54.39
1008 54.4
1007.2 54.41
1006.4 54.42
1005.6 54.43
1004.8 54.44
1004 54.45
1003.2 54.46
1002.4 54.47
1001.6 54.48
1000.8 54.49
1000 54.5
999.2 54.51
998.4 54.52
997.6 54.53
996.8 54.54
996 54.55
995.2 54.56
994.4 54.57
993.6 54.58
992.8 54.59
992 54.6
991.2 54.61
990.4 54.62
989.6 54.63
988.8 54.64
988 54.65
987.2 54.66
986.4 54.67
985.6 54.68
984.8 54.69
984 54.7
983.2 54.71
982.4 54.72
981.6 54.73
980.8 54.74
980 54.75
979.2 54.76
978.4 54.77
977.6 54.78
976.8 54.79
976 54.8
975.2 54.81
974.4 54.82
973.6 54.83
972.8 54.84
972 54.85
971.2 54.86
970.4 54.87
969.6 54.88
968.8 54.89
968 54.9
967.2 54.91
966.4 54.92
965.6 54.93
964.8 54.94
964 54.95
963.2 54.96
962.4 54.97
961.6 54.98
960.8 54.99
960 55
960.2 55.01
960.4 55.02
960.6 55.03
960.8 55.04
961 55.05
961.2 55.06
961.4 55.07
961.6 55.08
961.8 55.09
962 55.1
962.2 55.11
962.4 55.12
962.6 55.13
962.8 55.14
963 55.15
963.2 55.16
963.4 55.17
963.6 55.18
963.8 55.19
964 55.2
964.2 55.21
964.4 55.22
964.6 55.23
964.8 55.24
965 55.25
965.2 55.26
965.4 55.27
965.6 55.28
965.8 55.29
966 55.3
966.2 55.31
966.4 55.32
966.6 55.33
966.8 55.34
967 55.35
967.2 55.36
967.4 55.37
967.6 55.38
967.8 55.39
968 55.4
968.2 55.41
968.4 55.42
968.6 55.43
968.8 55.44
969 55.45
969.2 55.46
969.4 55.47
969.6 55.48
969.8 55.49
970 55.5
970.2 55.51
970.4 55.52
970.6 55.53
970.8 55.54
971 55.55
971.2 55.56
971.4 55.57
971.6 55.58
971.8 55.59
972 55.6
972.2 55.61
972.4 55.62
972.6 55.63
972.8 55.64
973 55.65
973.2 55.66
973.4 55.67
973.6 55.68
973.8 55.69
974 55.7
974.2 55.71
974.4 55.72
974.6 55.73
974.8 55.74
975 55.75
975.2 55.76
975.4 55.77
975.6 55.78
975.8 55.79
976 55.8
976.2 55.81
976.4 55.82
976.6 55.83
976.8 55.84
977 55.85
977.2 55.86
977.4 55.87
977.6 55.88
977.8 55.89
978 55.9
978.2 55.91
978.4 55.92
978.6 55.93
978.8 55.94
979 55.95
979.2 55.96
979.4 55.97
979.6 55.98
979.8 55.99
980 56
980.2 56.01
980.4 56.02
980.6 56.03
980.8 56.04
981 56.05
981.2 56.06
981.4 56.07
981.6 56.08
981.8 56.09
982 56.1
982.2 56.11
982.4 56.12
982.6 56.13
982.8 56.14
983 56.15
983.2 56.16
983.4 56.17
983.6 56.18
983.8 56.19
984 56.2
984.2 56.21
984.4 56.22
984.6 56.23
984.8 56.24
985 56.25
985.2 56.26
985.4 56.27
985.6 56.28
985.8 56.29
986 56.3
986.2 56.31
986.4 56.32
986.6 56.33
986.8 56.34
987 56.35
987.2 56.36
987.4 56.37
987.6 56.38
987.8 56.39
988 56.4
988.2 56.41
988.4 56.42
988.6 56.43
988.8 56.44
989 56.45
989.2 56.46
989.4 56.47
989.6 56.48
989.8 56.49
990 56.5
990.2 56.51
990.4 56.52
990.6 56.53
990.8 56.54
991 56.55
991.2 56.56
991.4 56.57
991.6 56.58
991.8 56.59
992 56.6
992.2 56.61
992.4 56.62
992.6 56.63
992.8 56.64
993 56.65
993.2 56.66
993.4 56.67
993.6 56.68
993.8 56.69
994 56.7
994.2 56.71
994.4 56.72
994.6 56.73
994.8 56.74
995 56.75
995.2 56.76
995.4 56.77
995.6 56.78
995.8 56.79
996 56.8
996.2 56.81
996.4 56.82
996.6 56.83
996.8 56.84
997 56.85
997.2 56.86
997.4 56.87
997.6 56.88
997.8 56.89
998 56.9
998.2 56.91
998.4 56.92
998.6 56.93
998.8 56.94
999 56.95
999.2 56.96
999.4 56.97
999.6 56.98
999.8 56.99
1000 57
1000.2 57.01
1000.4 57.02
1000.6 57.03
1000.8 57.04
1001 57.05
1001.2 57.06
1001.4 57.07
1001.6 57.08
1001.8 57.09
1002 57.1
1002.2 57.11
1002.4 57.12
1002.6 57.13
1002.8 57.14
1003 57.15
1003.2 57.16
1003.4 57.17
1003.6 57.18
1003.8 57.19
1004 57.2
1004.2 57.21
1004.4 57.22
1004.6 57.23
1004.8 57.24
1005 57.25
1005.2 57.26
1005.4 57.27
1005.6 57.28
1005.8 57.29
1006 57.3
1006.2 57.31
1006.4 57.32
1006.6 57.33
1006.8 57.34
1007 57.35
1007.2 57.36
1007.4 57.37
1007.6 57.38
1007.8 57.39
1008 57.4
1008.2 57.41
1008.4 57.42
1008.6 57.43
1008.8 57.44
1009 57.45
1009.2 57.46
1009.4 57.47
1009.6 57.48
1009.8 57.49
1010 57.5
1010.2 57.51
1010.4 57.52
1010.6 57.53
1010.8 57.54
1011 57.55
1011.2 57.56
1011.4 57.57
1011.6 57.58
1011.8 57.59
1012 57.6
1012.2 57.61
1012.4 57.62
1012.6 57.63
1012.8 57.64
1013 57.65
1013.2 57.66
1013.4 57.67
1013.6 57.68
1013.8 57.69
1014 57.7
1014.2 57.71
1014.4 57.72
1014.6 57.73
1014.8 57.74
1015 57.75
1015.2 57.76
1015.4 57.77
1015.6 57.78
1015.8 57.79
1016 57.8
1016.2 57.81
1016.4 57.82
1016.6 57.83
1016.8 57.84
1017 57.85
1017.2 57.86
1017.4 57.87
1017.6 57.88
1017.8 57.89
1018 57.9
1018.2 57.91
1018.4 57.92
1018.6 57.93
1018.8 57.94
1019 57.95
1019.2 57.96
1019.4 57.97
1019.6 57.98
1019.8 57.99
1020 58
1020.2 58.01
1020.4 58.02
1020.6 58.03
1020.8 58.04
1021 58.05
1021.2 58.06
1021.4 58.07
1021.6 58.08
1021.8 58.09
1022 58.1
1022.2 58.11
1022.4 58.12
1022.6 58.13
1022.8 58.14
1023 58.15
1023.2 58.16
1023.4 58.17
1023.6 58.18
1023.8 58.19
1024 58.2
1024.2 58.21
1024.4 58.22
1024.6 58.23
1024.8 58.24
1025 58.25
1025.2 58.26
1025.4 58.27
1025.6 58.28
1025.8 58.29
1026 58.3
1026.2 58.31
1026.4 58.32
1026.6 58.33
1026.8 58.34
1027 58.35
1027.2 58.36
1027.4 58.37
1027.6 58.38
1027.8 58.39
1028 58.4
1028.2 58.41
1028.4 58.42
1028.6 58.43
1028.8 58.44
1029 58.45
1029.2 58.46
1029.4 58.47
1029.6 58.48
1029.8 58.49
1030 58.5
1030.2 58.51
1030.4 58.52
1030.6 58.53
1030.8 58.54
1031 58.55
1031.2 58.56
1031.4 58.57
1031.6 58.58
1031.8 58.59
1032 58.6
1032.2 58.61
1032.4 58.62
1032.6 58.63
1032.8 58.64
1033 58.65
1033.2 58.66
1033.4 58.67
1033.6 58.68
1033.8 58.69
1034 58.7
1034.2 58.71
1034.4 58.72
1034.6 58.73
1034.8 58.74
1035 58.75
1035.2 58.76
1035.4 58.77
1035.6 58.78
1035.8 58.79
1036 58.8
1036.2 58.81
1036.4 58.82
1036.6 58.83
1036.8 58.84
1037 58.85
1037.2 58.86
1037.4 58.87
1037.6 58.88
1037.8 58.89
1038 58.9
1038.2 58.91
1038.4 58.92
1038.6 58.93
1038.8 58.94
1039 58.95
1039.2 58.96
1039.4 58.97
1039.6 58.98
1039.8 58.99
1040 59
1040.2 59.01
1040.4 59.02
1040.6 59.03
1040.8 59.04
1041 59.05
1041.2 59.06
1041.4 59.07
1041.6 59.08
1041.8 59.09
1042 59.1
1042.2 59.11
1042.4 59.12
1042.6 59.13
1042.8 59.14
1043 59.15
1043.2 59.16
1043.4 59.17
1043.6 59.18
1043.8 59.19
1044 59.2
1044.2 59.21
1044.4 59.22
1044.6 59.23
1044.8 59.24
1045 59.25
1045.2 59.26
1045.4 59.27
1045.6 59.28
1045.8 59.29
1046 59.3
1046.2 59.31
1046.4 59.32
1046.6 59.33
1046.8 59.34
1047 59.35
1047.2 59.36
1047.4 59.37
1047.6 59.38
1047.8 59.39
1048 59.4
1048.2 59.41
1048.4 59.42
1048.6 59.43
1048.8 59.44
1049 59.45
1049.2 59.46
1049.4 59.47
1049.6 59.48
1049.8 59.49
1050 59.5
1050.2 59.51
1050.4 59.52
1050.6 59.53
1050.8 59.54
1051 59.55
1051.2 59.56
1051.4 59.57
1051.6 59.58
1051.8 59.59
1052 59.6
1052.2 59.61
1052.4 59.62
1052.6 59.63
1052.8 59.64
1053 59.65
1053.2 59.66
1053.4 59.67
1053.6 59.68
1053.8 59.69
1054 59.7
1054.2 59.71
1054.4 59.72
1054.6 59.73
1054.8 59.74
1055 59.75
1055.2 59.76
1055.4 59.77
1055.6 59.78
1055.8 59.79
1056 59.8
1056.2 59.81
1056.4 59.82
1056.6 59.83
1056.8 59.84
1057 59.85
1057.2 59.86
1057.4 59.87
1057.6 59.88
1057.8 59.89
1058 59.9
1058.2 59.91
1058.4 59.92
1058.6 59.93
1058.8 59.94
1059 59.95
1059.2 59.96
1059.4 59.97
1059.6 59.98
1059.8 59.99
1060 60
1060.2 60.01
1060.4 60.02
1060.6 60.03
1060.8 60.04
1061 60.05
1061.2 60.06
1061.4 60.07
1061.6 60.08
1061.8 60.09
1062 60.1
1062.2 60.11
1062.4 60.12
1062.6 60.13
1062.8 60.14
1063 60.15
1063.2 60.16
1063.4 60.17
1063.6 60.18
1063.8 60.19
1064 60.2
1064.2 60.21
1064.4 60.22
1064.6 60.23
1064.8 60.24
1065 60.25
1065.2 60.26
1065.4 60.27
1065.6 60.28
1065.8 60.29
1066 60.3
1066.2 60.31
1066.4 60.32
1066.6 60.33
1066.8 60.34
1067 60.35
1067.2 60.36
1067.4 60.37
1067.6 60.38
1067.8 60.39
1068 60.4
1068.2 60.41
1068.4 60.42
1068.6 60.43
1068.8 60.44
1069 60.45
1069.2 60.46
1069.4 60.47
1069.6 60.48
1069.8 60.49
1070 60.5
1070.2 60.51
1070.4 60.52
1070.6 60.53
1070.8 60.54
1071 60.55
1071.2 60.56
1071.4 60.57
1071.6 60.58
1071.8 60.59
1072 60.6
1072.2 60.61
1072.4 60.62
1072.6 60.63
1072.8 60.64
1073 60.65
1073.2 60.66
1073.4 60.67
1073.6 60.68
1073.8 60.69
1074 60.7
1074.2 60.71
1074.4 60.72
1074.6 60.73
1074.8 60.74
1075 60.75
1075.2 60.76
1075.4 60.77
1075.6 60.78
1075.8 60.79
1076 60.8
1076.2 60.81
1076.4 60.82
1076.6 60.83
1076.8 60.84
1077 60.85
1077.2 60.86
1077.4 60.87
1077.6 60.88
1077.8 60.89
1078 60.9
1078.2 60.91
1078.4 60.92
1078.6 60.93
1078.8 60.94
1079 60.95
1079.2 60.96
1079.4 60.97
1079.6 60.98
1079.8 60.99
1080 61
1080.2 61.01
1080.4 61.02
1080.6 61.03
1080.8 61.04
1081 61.05
1081.2 61.06
1081.4 61.07
1081.6 61.08
1081.8 61.09
1082 61.1
1082.2 61.11
1082.4 61.12
1082.6 61.13
1082.8 61.14
1083 61.15
1083.2 61.16
1083.4 61.17
1083.6 61.18
1083.8 61.19
1084 61.2
1084.2 61.21
1084.4 61.22
1084.6 61.23
1084.8 61.24
1085 61.25
1085.2 61.26
1085.4 61.27
1085.6 61.28
1085.8 61.29
1086 61.3
1086.2 61.31
1086.4 61.32
1086.6 61.33
1086.8 61.34
1087 61.35
1087.2 61.36
1087.4 61.37
1087.6 61.38
1087.8 61.39
1088 61.4
1088.2 61.41
1088.4 61.42
1088.6 61.43
1088.8 61.44
1089 61.45
1089.2 61.46
1089.4 61.47
1089.6 61.48
1089.8 61.49
1090 61.5
1090.2 61.51
1090.4 61.52
1090.6 61.53
1090.8 61.54
1091 61.55
1091.2 61.56
1091.4 61.57
1091.6 61.58
1091.8 61.59
1092 61.6
1092.2 61.61
1092.4 61.62
1092.6 61.63
1092.8 61.64
1093 61.65
1093.2 61.66
1093.4 61.67
1093.6 61.68
1093.8 61.69
1094 61.7
1094.2 61.71
1094.4 61.72
1094.6 61.73
1094.8 61.74
1095 61.75
1095.2 61.76
1095.4 61.77
1095.6 61.78
1095.8 61.79
1096 61.8
1096.2 61.81
1096.4 61.82
1096.6 61.83
1096.8 61.84
1097 61.85
1097.2 61.86
1097.4 61.87
1097.6 61.88
1097.8 61.89
1098 61.9
1098.2 61.91
1098.4 61.92
1098.6 61.93
1098.8 61.94
1099 61.95
1099.2 61.96
1099.4 61.97
1099.6 61.98
1099.8 61.99
1100 62
1100.2 62.01
1100.4 62.02
1100.6 62.03
1100.8 62.04
1101 62.05
1101.2 62.06
1101.4 62.07
1101.6 62.08
1101.8 62.09
1102 62.1
1102.2 62.11
1102.4 62.12
1102.6 62.13
1102.8 62.14
1103 62.15
1103.2 62.16
1103.4 62.17
1103.6 62.18
1103.8 62.19
1104 62.2
1104.2 62.21
1104.4 62.22
1104.6 62.23
1104.8 62.24
1105 62.25
1105.2 62.26
1105.4 62.27
1105.6 62.28
1105.8 62.29
1106 62.3
1106.2 62.31
1106.4 62.32
1106.6 62.33
1106.8 62.34
1107 62.35
1107.2 62.36
1107.4 62.37
1107.6 62.38
1107.8 62.39
1108 62.4
1108.2 62.41
1108.4 62.42
1108.6 62.43
1108.8 62.44
1109 62.45
1109.2 62.46
1109.4 62.47
1109.6 62.48
1109.8 62.49
1110 62.5
1110.2 62.51
1110.4 62.52
1110.6 62.53
1110.8 62.54
1111 62.55
1111.2 62.56
1111.4 62.57
1111.6 62.58
1111.8 62.59
1112 62.6
1112.2 62.61
1112.4 62.62
1112.6 62.63
1112.8 62.64
1113 62.65
1113.2 62.66
1113.4 62.67
1113.6 62.68
1113.8 62.69
1114 62.7
1114.2 62.71
1114.4 62.72
1114.6 62.73
1114.8 62.74
1115 62.75
1115.2 62.76
1115.4 62.77
1115.6 62.78
1115.8 62.79
1116 62.8
1116.2 62.81
1116.4 62.82
1116.6 62.83
1116.8 62.84
1117 62.85
1117.2 62.86
1117.4 62.87
1117.6 62.88
1117.8 62.89
1118 62.9
1118.2 62.91
1118.4 62.92
1118.6 62.93
1118.8 62.94
1119 62.95
1119.2 62.96
1119.4 62.97
1119.6 62.98
1119.8 62.99
1120 63
1120.2 63.01
1120.4 63.02
1120.6 63.03
1120.8 63.04
1121 63.05
1121.2 63.06
1121.4 63.07
1121.6 63.08
1121.8 63.09
1122 63.1
1122.2 63.11
1122.4 63.12
1122.6 63.13
1122.8 63.14
1123 63.15
1123.2 63.16
1123.4 63.17
1123.6 63.18
1123.8 63.19
1124 63.2
1124.2 63.21
1124.4 63.22
1124.6 63.23
1124.8 63.24
1125 63.25
1125.2 63.26
1125.4 63.27
1125.6 63.28
1125.8 63.29
1126 63.3
1126.2 63.31
1126.4 63.32
1126.6 63.33
1126.8 63.34
1127 63.35
1127.2 63.36
1127.4 63.37
1127.6 63.38
1127.8 63.39
1128 63.4
1128.2 63.41
1128.4 63.42
1128.6 63.43
1128.8 63.44
1129 63.45
1129.2 63.46
1129.4 63.47
1129.6 63.48
1129.8 63.49
1130 63.5
1130.2 63.51
1130.4 63.52
1130.6 63.53
1130.8 63.54
1131 63.55
1131.2 63.56
1131.4 63.57
1131.6 63.58
1131.8 63.59
1132 63.6
1132.2 63.61
1132.4 63.62
1132.6 63.63
1132.8 63.64
1133 63.65
1133.2 63.66
1133.4 63.67
1133.6 63.68
1133.8 63.69
1134 63.7
1134.2 63.71
1134.4 63.72
1134.6 63.73
1134.8 63.74
1135 63.75
1135.2 63.76
1135.4 63.77
1135.6 63.78
1135.8 63.79
1136 63.8
1136.2 63.81
1136.4 63.82
1136.6 63.83
1136.8 63.84
1137 63.85
1137.2 63.86
1137.4 63.87
1137.6 63.88
1137.8 63.89
1138 63.9
1138.2 63.91
1138.4 63.92
1138.6 63.93
1138.8 63.94
1139 63.95
1139.2 63.96
1139.4 63.97
1139.6 63.98
1139.8 63.99
1140 64
1140.2 64.01
1140.4 64.02
1140.6 64.03
1140.8 64.04
1141 64.05
1141.2 64.06
1141.4 64.07
1141.6 64.08
1141.8 64.09
1142 64.1
1142.2 64.11
1142.4 64.12
1142.6 64.13
1142.8 64.14
1143 64.15
1143.2 64.16
1143.4 64.17
1143.6 64.18
1143.8 64.19
1144 64.2
1144.2 64.21
1144.4 64.22
1144.6 64.23
1144.8 64.24
1145 64.25
1145.2 64.26
1145.4 64.27
1145.6 64.28
1145.8 64.29
1146 64.3
1146.2 64.31
1146.4 64.32
1146.6 64.33
1146.8 64.34
1147 64.35
1147.2 64.36
1147.4 64.37
1147.6 64.38
1147.8 64.39
1148 64.4
1148.2 64.41
1148.4 64.42
1148.6 64.43
1148.8 64.44
1149 64.45
1149.2 64.46
1149.4 64.47
1149.6 64.48
1149.8 64.49
1150 64.5
1150.2 64.51
1150.4 64.52
1150.6 64.53
1150.8 64.54
1151 64.55
1151.2 64.56
1151.4 64.57
1151.6 64.58
1151.8 64.59
1152 64.6
1152.2 64.61
1152.4 64.62
1152.6 64.63
1152.8 64.64
1153 64.65
1153.2 64.66
1153.4 64.67
1153.6 64.68
1153.8 64.69
1154 64.7
1154.2 64.71
1154.4 64.72
1154.6 64.73
1154.8 64.74
1155 64.75
1155.2 64.76
1155.4 64.77
1155.6 64.78
1155.8 64.79
1156 64.8
1156.2 64.81
1156.4 64.82
1156.6 64.83
1156.8 64.84
1157 64.85
1157.2 64.86
1157.4 64.87
1157.6 64.88
1157.8 64.89
1158 64.9
1158.2 64.91
1158.4 64.92
1158.6 64.93
1158.8 64.94
1159 64.95
1159.2 64.96
1159.4 64.97
1159.6 64.98
1159.8 64.99
1160 65
1160.2 65.01
1160.4 65.02
1160.6 65.03
1160.8 65.04
1161 65.05
1161.2 65.06
1161.4 65.07
1161.6 65.08
1161.8 65.09
1162 65.1
1162.2 65.11
1162.4 65.12
1162.6 65.13
1162.8 65.14
1163 65.15
1163.2 65.16
1163.4 65.17
1163.6 65.18
1163.8 65.19
1164 65.2
1164.2 65.21
1164.4 65.22
1164.6 65.23
1164.8 65.24
1165 65.25
1165.2 65.26
1165.4 65.27
1165.6 65.28
1165.8 65.29
1166 65.3
1166.2 65.31
1166.4 65.32
1166.6 65.33
1166.8 65.34
1167 65.35
1167.2 65.36
1167.4 65.37
1167.6 65.38
1167.8 65.39
1168 65.4
1168.2 65.41
1168.4 65.42
1168.6 65.43
1168.8 65.44
1169 65.45
1169.2 65.46
1169.4 65.47
1169.6 65.48
1169.8 65.49
1170 65.5
1170.2 65.51
1170.4 65.52
1170.6 65.53
1170.8 65.54
1171 65.55
1171.2 65.56
1171.4 65.57
1171.6 65.58
1171.8 65.59
1172 65.6
1172.2 65.61
1172.4 65.62
1172.6 65.63
1172.8 65.64
1173 65.65
1173.2 65.66
1173.4 65.67
1173.6 65.68
1173.8 65.69
1174 65.7
1174.2 65.71
1174.4 65.72
1174.6 65.73
1174.8 65.74
1175 65.75
1175.2 65.76
1175.4 65.77
1175.6 65.78
1175.8 65.79
1176 65.8
1176.2 65.81
1176.4 65.82
1176.6 65.83
1176.8 65.84
1177 65.85
1177.2 65.86
1177.4 65.87
1177.6 65.88
1177.8 65.89
1178 65.9
1178.2 65.91
1178.4 65.92
1178.6 65.93
1178.8 65.94
1179 65.95
1179.2 65.96
1179.4 65.97
1179.6 65.98
1179.8 65.99
1180 66
1180.2 66.01
1180.4 66.02
1180.6 66.03
1180.8 66.04
1181 66.05
1181.2 66.06
1181.4 66.07
1181.6 66.08
1181.8 66.09
1182 66.1
1182.2 66.11
1182.4 66.12
1182.6 66.13
1182.8 66.14
1183 66.15
1183.2 66.16
1183.4 66.17
1183.6 66.18
1183.8 66.19
1184 66.2
1184.2 66.21
1184.4 66.22
1184.6 66.23
1184.8 66.24
1185 66.25
1185.2 66.26
1185.4 66.27
1185.6 66.28
1185.8 66.29
1186 66.3
1186.2 66.31
1186.4 66.32
1186.6 66.33
1186.8 66.34
1187 66.35
1187.2 66.36
1187.4 66.37
1187.6 66.38
1187.8 66.39
1188 66.4
1188.2 66.41
1188.4 66.42
1188.6 66.43
1188.8 66.44
1189 66.45
1189.2 66.46
1189.4 66.47
1189.6 66.48
1189.8 66.49
1190 66.5
1190.2 66.51
1190.4 66.52
1190.6 66.53
1190.8 66.54
1191 66.55
1191.2 66.56
1191.4 66.57
1191.6 66.58
1191.8 66.59
1192 66.6
1192.2 66.61
1192.4 66.62
1192.6 66.63
1192.8 66.64
1193 66.65
1193.2 66.66
1193.4 66.67
1193.6 66.68
1193.8 66.69
1194 66.7
1194.2 66.71
1194.4 66.72
1194.6 66.73
1194.8 66.74
1195 66.75
1195.2 66.76
1195.4 66.77
1195.6 66.78
1195.8 66.79
1196 66.8
1196.2 66.81
1196.4 66.82
1196.6 66.83
1196.8 66.84
1197 66.85
1197.2 66.86
1197.4 66.87
1197.6 66.88
1197.8 66.89
1198 66.9
1198.2 66.91
1198.4 66.92
1198.6 66.93
1198.8 66.94
1199 66.95
1199.2 66.96
1199.4 66.97
1199.6 66.98
1199.8 66.99
1200 67
1201 67.01
1202 67.02
1203 67.03
1204 67.04
1205 67.05
1206 67.06
1207 67.07
1208 67.08
1209 67.09
1210 67.1
1211 67.11
1212 67.12
1213 67.13
1214 67.14
1215 67.15
1216 67.16
1217 67.17
1218 67.18
1219 67.19
1220 67.2
1221 67.21
1222 67.22
1223 67.23
1224 67.24
1225 67.25
1226 67.26
1227 67.27
1228 67.28
1229 67.29
1230 67.3
1231 67.31
1232 67.32
1233 67.33
1234 67.34
1235 67.35
1236 67.36
1237 67.37
1238 67.38
1239 67.39
1240 67.4
1241 67.41
1242 67.42
1243 67.43
1244 67.44
1245 67.45
1246 67.46
1247 67.47
1248 67.48
1249 67.49
1250 67.5
1251 67.51
1252 67.52
1253 67.53
1254 67.54
1255 67.55
1256 67.56
1257 67.57
1258 67.58
1259 67.59
1260 67.6
1261 67.61
1262 67.62
1263 67.63
1264 67.64
1265 67.65
1266 67.66
1267 67.67
1268 67.68
1269 67.69
1270 67.7
1271 67.71
1272 67.72
1273 67.73
1274 67.74
1275 67.75
1276 67.76
1277 67.77
1278 67.78
1279 67.79
1280 67.8
1281 67.81
1282 67.82
1283 67.83
1284 67.84
1285 67.85
1286 67.86
1287 67.87
1288 67.88
1289 67.89
1290 67.9
1291 67.91
1292 67.92
1293 67.93
1294 67.94
1295 67.95
1296 67.96
1297 67.97
1298 67.98
1299 67.99
1300 68
1301 68.01
1302 68.02
1303 68.03
1304 68.04
1305 68.05
1306 68.06
1307 68.07
1308 68.08
1309 68.09
1310 68.1
1311 68.11
1312 68.12
1313 68.13
1314 68.14
1315 68.15
1316 68.16
1317 68.17
1318 68.18
1319 68.19
1320 68.2
1321 68.21
1322 68.22
1323 68.23
1324 68.24
1325 68.25
1326 68.26
1327 68.27
1328 68.28
1329 68.29
1330 68.3
1331 68.31
1332 68.32
1333 68.33
1334 68.34
1335 68.35
1336 68.36
1337 68.37
1338 68.38
1339 68.39
1340 68.4
1341 68.41
1342 68.42
1343 68.43
1344 68.44
1345 68.45
1346 68.46
1347 68.47
1348 68.48
1349 68.49
1350 68.5
1351 68.51
1352 68.52
1353 68.53
1354 68.54
1355 68.55
1356 68.56
1357 68.57
1358 68.58
1359 68.59
1360 68.6
1361 68.61
1362 68.62
1363 68.63
1364 68.64
1365 68.65
1366 68.66
1367 68.67
1368 68.68
1369 68.69
1370 68.7
1371 68.71
1372 68.72
1373 68.73
1374 68.74
1375 68.75
1376 68.76
1377 68.77
1378 68.78
1379 68.79
1380 68.8
1381 68.81
1382 68.82
1383 68.83
1384 68.84
1385 68.85
1386 68.86
1387 68.87
1388 68.88
1389 68.89
1390 68.9
1391 68.91
1392 68.92
1393 68.93
1394 68.94
1395 68.95
1396 68.96
1397 68.97
1398 68.98
1399 68.99
1400 69
1401 69.01
1402 69.02
1403 69.03
1404 69.04
1405 69.05
1406 69.06
1407 69.07
1408 69.08
1409 69.09
1410 69.1
1411 69.11
1412 69.12
1413 69.13
1414 69.14
1415 69.15
1416 69.16
1417 69.17
1418 69.18
1419 69.19
1420 69.2
1421 69.21
1422 69.22
1423 69.23
1424 69.24
1425 69.25
1426 69.26
1427 69.27
1428 69.28
1429 69.29
1430 69.3
1431 69.31
1432 69.32
1433 69.33
1434 69.34
1435 69.35
1436 69.36
1437 69.37
1438 69.38
1439 69.39
1440 69.4
1441 69.41
1442 69.42
1443 69.43
1444 69.44
1445 69.45
1446 69.46
1447 69.47
1448 69.48
1449 69.49
1450 69.5
1451 69.51
1452 69.52
1453 69.53
1454 69.54
1455 69.55
1456 69.56
1457 69.57
1458 69.58
1459 69.59
1460 69.6
1461 69.61
1462 69.62
1463 69.63
1464 69.64
1465 69.65
1466 69.66
1467 69.67
1468 69.68
1469 69.69
1470 69.7
1471 69.71
1472 69.72
1473 69.73
1474 69.74
1475 69.75
1476 69.76
1477 69.77
1478 69.78
1479 69.79
1480 69.8
1481 69.81
1482 69.82
1483 69.83
1484 69.84
1485 69.85
1486 69.86
1487 69.87
1488 69.88
1489 69.89
1490 69.9
1491 69.91
1492 69.92
1493 69.93
1494 69.94
1495 69.95
1496 69.96
1497 69.97
1498 69.98
1499 69.99
1500 70
1501 70.01
1502 70.02
1503 70.03
1504 70.04
1505 70.05
1506 70.06
1507 70.07
1508 70.08
1509 70.09
1510 70.1
1511 70.11
1512 70.12
1513 70.13
1514 70.14
1515 70.15
1516 70.16
1517 70.17
1518 70.18
1519 70.19
1520 70.2
1521 70.21
1522 70.22
1523 70.23
1524 70.24
1525 70.25
1526 70.26
1527 70.27
1528 70.28
1529 70.29
1530 70.3
1531 70.31
1532 70.32
1533 70.33
1534 70.34
1535 70.35
1536 70.36
1537 70.37
1538 70.38
1539 70.39
1540 70.4
1541 70.41
1542 70.42
1543 70.43
1544 70.44
1545 70.45
1546 70.46
1547 70.47
1548 70.48
1549 70.49
1550 70.5
1551 70.51
1552 70.52
1553 70.53
1554 70.54
1555 70.55
1556 70.56
1557 70.57
1558 70.58
1559 70.59
1560 70.6
1561 70.61
1562 70.62
1563 70.63
1564 70.64
1565 70.65
1566 70.66
1567 70.67
1568 70.68
1569 70.69
1570 70.7
1571 70.71
1572 70.72
1573 70.73
1574 70.74
1575 70.75
1576 70.76
1577 70.77
1578 70.78
1579 70.79
1580 70.8
1581 70.81
1582 70.82
1583 70.83
1584 70.84
1585 70.85
1586 70.86
1587 70.87
1588 70.88
1589 70.89
1590 70.9
1591 70.91
1592 70.92
1593 70.93
1594 70.94
1595 70.95
1596 70.96
1597 70.97
1598 70.98
1599 70.99
1600 71
1601 71.01
1602 71.02
1603 71.03
1604 71.04
1605 71.05
1606 71.06
1607 71.07
1608 71.08
1609 71.09
1610 71.1
1611 71.11
1612 71.12
1613 71.13
1614 71.14
1615 71.15
1616 71.16
1617 71.17
1618 71.18
1619 71.19
1620 71.2
1621 71.21
1622 71.22
1623 71.23
1624 71.24
1625 71.25
1626 71.26
1627 71.27
1628 71.28
1629 71.29
1630 71.3
1631 71.31
1632 71.32
1633 71.33
1634 71.34
1635 71.35
1636 71.36
1637 71.37
1638 71.38
1639 71.39
1640 71.4
1641 71.41
1642 71.42
1643 71.43
1644 71.44
1645 71.45
1646 71.46
1647 71.47
1648 71.48
1649 71.49
1650 71.5
1651 71.51
1652 71.52
1653 71.53
1654 71.54
1655 71.55
1656 71.56
1657 71.57
1658 71.58
1659 71.59
1660 71.6
1661 71.61
1662 71.62
1663 71.63
1664 71.64
1665 71.65
1666 71.66
1667 71.67
1668 71.68
1669 71.69
1670 71.7
1671 71.71
1672 71.72
1673 71.73
1674 71.74
1675 71.75
1676 71.76
1677 71.77
1678 71.78
1679 71.79
1680 71.8
1681 71.81
1682 71.82
1683 71.83
1684 71.84
1685 71.85
1686 71.86
1687 71.87
1688 71.88
1689 71.89
1690 71.9
1691 71.91
1692 71.92
1693 71.93
1694 71.94
1695 71.95
1696 71.96
1697 71.97
1698 71.98
1699 71.99
1700 72
1701 72.01
1702 72.02
1703 72.03
1704 72.04
1705 72.05
1706 72.06
1707 72.07
1708 72.08
1709 72.09
1710 72.1
1711 72.11
1712 72.12
1713 72.13
1714 72.14
1715 72.15
1716 72.16
1717 72.17
1718 72.18
1719 72.19
1720 72.2
1721 72.21
1722 72.22
1723 72.23
1724 72.24
1725 72.25
1726 72.26
1727 72.27
1728 72.28
1729 72.29
1730 72.3
1731 72.31
1732 72.32
1733 72.33
1734 72.34
1735 72.35
1736 72.36
1737 72.37
1738 72.38
1739 72.39
1740 72.4
1741 72.41
1742 72.42
1743 72.43
1744 72.44
1745 72.45
1746 72.46
1747 72.47
1748 72.48
1749 72.49
1750 72.5
1751 72.51
1752 72.52
1753 72.53
1754 72.54
1755 72.55
1756 72.56
1757 72.57
1758 72.58
1759 72.59
1760 72.6
1761 72.61
1762 72.62
1763 72.63
1764 72.64
1765 72.65
1766 72.66
1767 72.67
1768 72.68
1769 72.69
1770 72.7
1771 72.71
1772 72.72
1773 72.73
1774 72.74
1775 72.75
1776 72.76
1777 72.77
1778 72.78
1779 72.79
1780 72.8
1781 72.81
1782 72.82
1783 72.83
1784 72.84
1785 72.85
1786 72.86
1787 72.87
1788 72.88
1789 72.89
1790 72.9
1791 72.91
1792 72.92
1793 72.93
1794 72.94
1795 72.95
1796 72.96
1797 72.97
1798 72.98
1799 72.99
1800 73
1801 73.01
1802 73.02
1803 73.03
1804 73.04
1805 73.05
1806 73.06
1807 73.07
1808 73.08
1809 73.09
1810 73.1
1811 73.11
1812 73.12
1813 73.13
1814 73.14
1815 73.15
1816 73.16
1817 73.17
1818 73.18
1819 73.19
1820 73.2
1821 73.21
1822 73.22
1823 73.23
1824 73.24
1825 73.25
1826 73.26
1827 73.27
1828 73.28
1829 73.29
1830 73.3
1831 73.31
1832 73.32
1833 73.33
1834 73.34
1835 73.35
1836 73.36
1837 73.37
1838 73.38
1839 73.39
1840 73.4
1841 73.41
1842 73.42
1843 73.43
1844 73.44
1845 73.45
1846 73.46
1847 73.47
1848 73.48
1849 73.49
1850 73.5
1851 73.51
1852 73.52
1853 73.53
1854 73.54
1855 73.55
1856 73.56
1857 73.57
1858 73.58
1859 73.59
1860 73.6
1861 73.61
1862 73.62
1863 73.63
1864 73.64
1865 73.65
1866 73.66
1867 73.67
1868 73.68
1869 73.69
1870 73.7
1871 73.71
1872 73.72
1873 73.73
1874 73.74
1875 73.75
1876 73.76
1877 73.77
1878 73.78
1879 73.79
1880 73.8
1881 73.81
1882 73.82
1883 73.83
1884 73.84
1885 73.85
1886 73.86
1887 73.87
1888 73.88
1889 73.89
1890 73.9
1891 73.91
1892 73.92
1893 73.93
1894 73.94
1895 73.95
1896 73.96
1897 73.97
1898 73.98
1899 73.99
1900 74
1901 74.01
1902 74.02
1903 74.03
1904 74.04
1905 74.05
1906 74.06
1907 74.07
1908 74.08
1909 74.09
1910 74.1
1911 74.11
1912 74.12
1913 74.13
1914 74.14
1915 74.15
1916 74.16
1917 74.17
1918 74.18
1919 74.19
1920 74.2
1921 74.21
1922 74.22
1923 74.23
1924 74.24
1925 74.25
1926 74.26
1927 74.27
1928 74.28
1929 74.29
1930 74.3
1931 74.31
1932 74.32
1933 74.33
1934 74.34
1935 74.35
1936 74.36
1937 74.37
1938 74.38
1939 74.39
1940 74.4
1941 74.41
1942 74.42
1943 74.43
1944 74.44
1945 74.45
1946 74.46
1947 74.47
1948 74.48
1949 74.49
1950 74.5
1951 74.51
1952 74.52
1953 74.53
1954 74.54
1955 74.55
1956 74.56
1957 74.57
1958 74.58
1959 74.59
1960 74.6
1961 74.61
1962 74.62
1963 74.63
1964 74.64
1965 74.65
1966 74.66
1967 74.67
1968 74.68
1969 74.69
1970 74.7
1971 74.71
1972 74.72
1973 74.73
1974 74.74
1975 74.75
1976 74.76
1977 74.77
1978 74.78
1979 74.79
1980 74.8
1981 74.81
1982 74.82
1983 74.83
1984 74.84
1985 74.85
1986 74.86
1987 74.87
1988 74.88
1989 74.89
1990 74.9
1991 74.91
1992 74.92
1993 74.93
1994 74.94
1995 74.95
1996 74.96
1997 74.97
1998 74.98
1999 74.99
2000 75